0 0.733486 0.263210 0.046181 0.087872
0 0.427899 0.278113 0.042179 0.084632
0 0.591701 0.338754 0.046362 0.088273
0 0.104939 0.194815 0.042623 0.079174
0 0.226254 0.231304 0.048526 0.079734
0 0.931983 0.297893 0.030624 0.060213
1 0.040625 0.366563 0.081250 0.086625
1 0.946250 0.386250 0.055000 0.066000
1 0.150000 0.429375 0.088000 0.082500
1 0.365000 0.494063 0.088000 0.078375
1 0.552500 0.488438 0.093500 0.119625
1 0.742500 0.481875 0.104500 0.107250
1 0.960625 0.532500 0.078750 0.082500
1 0.561875 0.603750 0.090750 0.074250
